Compile for CPU execution

Challenge #1: DIM= 50, N= 3000, Iter= 1000
96  0  0 45 66 17 16 41 85 73 46 28 44 93  7 73 83 16  7 43 41 30 86  7 16 82 46 66 30 49  0 16  7  2 73  2 54 93  2 78 54 82  6 97  9  9  4 95 78  5 
54 46 85 81 49 31  8 13 41  7 75 42 97 62  4 65 97 24 96 81 86  9 27 28 38 57 16 27 66 10 35  3 42 17 54 50 31 51 16  8 25 61 73 81 22 96  0 31 14 10 
49 51 89 65 72 68 42 41 30  4 47 15 32 13 92 78 85 77 26 93  9 68 22 12 97 43 68 75 92 83 73 40 17 53 52 54 51  8 46 74 81 75 61 41  7 37 25 73 83 17 
14 89 10 23 68 68 34 23 30 68 15 89 25 32 11 93 57 36 86 80 57 14 52 88 86 68 75 60 85 52 57 59 40  7 49 83 87 56 23 95 55 38 47 16 35 30 68 82 69 90 
57 14 17 80 36 77 68 95 23 76 92 16 63 66 46 89 32 82 36 86 83 72 42 57 54 32 60 82 95 26 38 63 19  8 52 94 24 57 34 63 71 25 24 47 54 76 96 61 49 32 
41  5 21 80 80 25 55 30 90 24 17 59 36 57 30 57  9 36 21 83 41 54 95 18 79 71  6 27 80 63 49 51 61 26 97 18 80 30 20 14 28 46 25 14 81 42 32 14 57 76 
90 83  9 95 71 55 95 89 34 63 24 76 55 76 11 43 19 57 40 43 42 79 68 70 52 97 96 90 52 60 18 86 59 96 77 20 88 14 55 12 98 37 96 57 25 71 42 83 68  8 
46  3 94 62 49 94 88 86  0 23 46 18 76 32 52 38 50 51 88 57  6 24 30 88 80 88  9 88 81 93 57 19 63 80 36 88 14 24 27 36 43 72 32 30 59 25 77 12 76 34 
36 50 97 47  0 60 36 98 46 70 94 46 96 12 12 81 51 83 36 24 32  2 87 87 79 47 26 30 60 42 75 75 62 30 57 76 96 96  6 66 50 22 72 75 49 61 47 93 12 20 
 8 85 30 60 40 25 82 22 30 75 70 96  6 95 38 37 59 76 19 16 18 59 71 55 21 24 97 38 92 60 65  8 34 40 77 80 82 92 15 37 73 61 28 54 87 61 81 49 10 21 
 1 68 58 40 36 27 94 20 77 68 19  6 30 75 90 95 20 15 16 12 93 32 76  9 46  0 38 18 12 74 40 65  8  5 40  3 68 46 79 92 49 33 73  8 45  0 69 10 28 97 
88 70 41 40 40 89 15 95 43 49 33 97 11 27 14 66 15 36 49 97 27 14 27 43 14 38 61 10 12 40 92 83 41 72  3 45 27 77 18 55 81 32 96 27 98 48  7 42 22 98 
17 38 60 61 62  6 83 19 49 15 52 15 65 14 88  5 76 61 63 69 92 10 73 32 19 25 11 70  3 24 76 16 46 28 86 55 61 46 54 69 79 50 76 68 14  8 58 88 85 87 
87 19 90 13  5  4 13 35 10 87 15 76 32 59 29 92 82 76 74 83 18 69 13 17 24  6 37 26 47 75 24 76 28 24 28 47 46 69 40 19 57 24 72 13 98 66 66 83 47 68 
37 89  8 91 85 38 35 26 59  9 19 92 86 32 71 32 92 74  1 90 69 45 26 30 24 49 23 69 97 11 74 66 12 98 73 32 65 40 22 79 54 57 14 98  4  4 83 26  6 10 
67 42 85 41 92 76 19 68 58 81 82 22 73 65 58 75 55  1 65 15 20 24 45 26 37 23  1 97  3 80 61 38 50  4 91 73 50 63 34 22 38  7 24 73 58 37  7 33 38 11 
40 86 37 55 16 45  3 53 32 31 81 73 79 91 43 70 62 68 47 71 25 20 36 36 34 25 76  3 66 45 71 24 45 25 81 42 73 34 21 89 34 18 34 16 97  4 38 57 26 37 
62 90 82 12 36 27 61 30 20 58 79 53 92 41  6 48 95 97 85 52 74 47 96 48 10 13 50 61 45 75 33 98 18 46 16 91 57 95 35  9 79 72 59 66 73 91  4 24 67 72 
91 10 77 36 58 53 68 87 55 89  4 81 53 48 69 52 85 66 35 26 92 39 82 70 11  7 31 13 85 88 30 31 91 96 85 17 13 46 45 70 67 51 57 49 66 11 70 54  6 84 
84 39 42 23 53 13 72 68  6 47 10 55 22 70 91  1 52 24 92 28 11 82 25 21 63 66 26 91 33 14 42 37 48 95 89 79 73 28 70 88 73 37 49 20 69 11 22 74 67 44 
93 34  5 73 38  4 13 66 52 17 55 31 76 70 28 51  1 54 59 79 95 15 21 29 52 23 19 52 88 14 46 29  9  3 66 95 11 61 83 73 30 13 79 59 79 22 48 22 15 41 
63 13 29  6 20 84  4 88 26 54 77  4 90 73 40 48 74 93 71 25 23 63 41 42 11 38 50  0 61 52 91 31 72 58 37 84 63 62 51 49 92 31  9 24 44 75 91 40 67 44 
 4 29 14 20 53 42 38 22 54 36 63 49 69 35 73 74 16 62  3 56 54 80 54 85 38 42  7  1 10 44 93 85 88 65 67 97 22 63 79 67 56 33 62 62 25 43 50 96 29 58 
17 74 79 36 20 61 10 70 33 68 50 15 39  7 67 73 61 58 13 13 13 43 91 84 51 20  1  7 67 57 96 13 20 60 97 87 13 44 96 97 33 25 56 61 48 41 52 91  4 29 
61 87  5 93 38  7 73 54 21 61 57 70 21 39  7 82 85 77 13 29 68  9 14 92 82 51 38 95 84 21 34 62 27  8 27 58 27 56 38 40  3 42 67 56 41 79 35 31 91 33 
21 62 89 22  7  5 91 79 95 21 38 17 37 29 60 85 91 11 57 13 24 19  6 16 26 48 21 31 28 43 13 46 43 17 82 27 66 65 53  8 24  2 36 62 39 17 53 87  2 31 
79 14 13 10 21 11  4 14 92 52 58 31 28 35 77 71 96 52 17 55  7 17 63  4 90  7 33 21 95 92 58 59 58  6 61 69 11 53 22 37 17  9 95 65 35 43 51  2 28 90 
96 62 19 39 20 29 27 29 51  4 69 95 55 26 35 76 40 65 51 55 54 71 21 65 60 39 59  9 42 96 74 90 65 51 92 89 67 57 44 17 44 17 83 62 63 64  9 22 73 27 
58 37 83 51 73 43 48 84 54 69 29 31 40 55 58 35 64 47 55 84 55 32 87 64 24 59 33 64 11 80 91 30 73 78 56 70 70 28 42 48 80 44 98 73 64  4 19 85 94  4 
79 39 51 37 38 48 58  8 73 20 60 19 14 40  1 92 41 15 42 93 60 77  6 87 92 11 63 84 21 20 19 60 30 31 13 70 20 59 28 61 98 16 42 54 12 13  6 50 85  2 
58 26 80 38 76 28  8 50 85 64 56 28 26  4 93  0 19 11 76 61 16  8 28 40 56 41 31 42  5  9 54 70 39 71 74 91 40  1  1 92 74 36 52 31 60 89  2 63 50 33 
 6 48  8 68 15 12 28 94 69 42 41 15 82 48 91 95 11  8 82 65 47 48 39 48 49 18 39 72 29 55 53 25 44 33 60 44 82  2 11 74 21 39 35 41 58 84 47 17 76 78 
58 84 49 12 97 95 32 83 71 46  7 98 48 53 80 95 68  3 92 98 90 20 93 58 20 39 82 24 60 58 29 54 33 44 36 91  5  2 31 11 27 35 39 39 50 29 18  9 90 49 
15 36 84 73  3 32  3 78 17 25 22 17 31  5 61 56 11 65 15 40 37 26 21 21 50 87 90 43 13 53 54 51 80 98 34 13  3 25  2 49 38 51 80 50 78 39 90 55 15 28 
95  7 61  2 71 76 90  3 73 77 27 21  5 32 96 76 89 70  2 58 72 20  0 48 21 50 59 65 53 54 51 28 50 33 52 46 43 77 37 84  3 93 51 42 40  6 70 39 33 24 
 9 49 92 29 43 87 90 83 51 61 41 56 48 96 40 68 58 89 69 69 19 93  1 49 78 11 49 21 72 36 74 42 38 48 44 64 64 91 53 78 31 64 42 90 53 79 72 70  0 28 
28 90 90  2 62 12 80 35 63 54 38  1 49 48 48 67 97 24  0 38 53 78 71  0  4 38 33 72 93 60 26 54 44 31 63 94 93 53 78 53 56 56 52 68 18 48 94  0 64 24 
24 30  2 58 83 69  5 71 28 46 41 38 94 41  2 71 87 53 48  6 68 59 78 87 42  4 47 18 59 43 60 42 54 45 47 19 17 16 14 49 61 54 63 49 35 98 78 87 35 70 
 2 16 16 20 72 19  3 82 58 96 45 94 62 16 87 74 42 53 54 73 55 84 13 49 91 47 56 37  4 62 51 63 17 69 35 57 42 55 54 49  8 69 59 21 64 22 77 29 84 41 
63 70 68 14 53 72  4 89 49 32 67 79 74 83 85 42 56 79 64 67 95 26 58  1 78 34 13  4 68 27 33 59 29 88 86 57 18  3 44 64 40 32  0 71 53 27 78 37  0 32 
72 61  5 65 32 32 86 42  3 60 94 63 83 85 37 56 71 64 84  8 36 83  6 88 67 30 87 30 18 16 29 52 69 93 72 44  8  8 90 40 89  0 79 94 71 36 11 45 31 23 
12 15 65 98 33 32 38 47 42 41 29 89 51 22 98 65 64 79 79 67  8 83  5 87 37 96 65 28 56 20 54 35 61 56 93  2 60 95 69 40 85 89 78 77 85 49 45 15 35 72 
22 38  5 65 15 98 21 77 47 63  4 31 11 38 60 75 74 89 64 92 14  5 66 94  4 60 43 21 24 56 35 98 45 86 88 98 95 69 14 87 62  3 19 69 59 18 89 87 75 95 
 2  5 26 51 98 21 82 16 18 27 63 38 34 83 89  9 18 64 41 54 34 66 17 75 80 72 69 31 40 53 82 90  0 51 91 49 19 69 87 40 27 43 69 51 96 89 45 89 36 82 
 2 32  1 32  1 81 16  8 20  2 37 34 13 85 57 88 80 29 84 41  8 17 66 16 62 64 47 96 31 22 69 63  7 34 49 88 36  1 31 53 40 95 35 96 90 45 18  5 47  9 
62  9 91 97 90 15 56 78  8 81  7 57 74 47 88 47 28 84 21 37 97 96 38 13 51 27 57 17 27 77 43 69 15 14 41  7  1 28 23 35 45 52 96 38 41 26 57 44 15 72 
55 43  9 66 62 11 57 16 72 16 41 17 61 52 31  6 80 43 87  6 60 96 18 85 31 57  8 89 34 42 77 47 19 52 77 72 97 21 11 38 79 55 49 77 21 32 30 64 47 71 
54 21 80 85 80  6 85 90 19 40 21 27 52 16 87 97 53 60 11 11 91 86 33 11 18 20 56 33 51 71 71 16 50 44 71 61 10 85  0 17 60 36 24 46 65 93 80 59 42 18 
91 80 31 76 14 17 91 81 85 34 30 80 19 54 90 74 63 32  0 86 65  2 86 12 10 56 33 51 40 94 68 71 52 71 54 73 57 25 34 75 50 57 46 15 24 33 59 90 47 61 
75  3 36 49 32 28 36 57 30 90 11 18 57 27 30 85 23 10 75 10 30 57 10 68 38 34 22 23 34 83 83 38 80 38 81 38 68 68  0 10 34 24 81 25 75 81  6 57 38 25 

 Performance counter stats for 'CH1':

   187.909.821.902      cycles:u                                                    
   317.690.214.228      instructions:u            #    1,69  insn per cycle                                            

      58,921264720 seconds time elapsed

      58,900766000 seconds user
       0,000999000 seconds sys



